-0.0415966086953552,0.138400215203166,0.989502442172422,-24.6468926937983,-0.100180635114539,-0.985946496407765,0.133691456932253,191.159356149822,0.994099371686697,-0.093567870929286,0.0548770462124004,716.341219508737,0,0,0,1
0.139682068701841,-0.0494809555206956,0.988959312708467,-22.7854842980406,-0.664964746271554,0.735347647935224,0.130712481212039,124.525258869953,-0.733696706684803,-0.675881268443501,0.0698117995906743,803.965446840289,0,0,0,1
0.186650681894382,0.00991241658661679,-0.982376329132942,-15.0627477345904,-0.933576123530011,-0.309603598897047,-0.180502665219956,66.9857416489506,-0.305936458241945,0.950814060572219,-0.048533733982054,812.138122457544,0,0,0,1
-0.0367086231311637,-0.157464776379737,-0.986842124354804,0.320791082115989,-0.202087932652477,0.968274706874943,-0.146984814233213,-25.6821512265729,0.978679195733496,0.19403328230808,-0.067365755257772,786.050104186832,0,0,0,1
0.120622253117562,-0.179592046873637,-0.976318095823172,12.9226705512428,-0.667724400661139,0.713085286801768,-0.213666904036364,-91.7507975362764,0.734570889600514,0.677684358684836,-0.0339040293398686,798.727648607982,0,0,0,1
-0.0416927998447728,0.138185998126761,0.989528356509929,-24.653660883924,-0.100161138636192,-0.985978419818918,0.13347008464293,191.153551183238,0.99409730444075,-0.0935475410744703,0.0549490444396816,716.329854746997,0,0,0,1
0.140078379846835,-0.0498749552632121,0.988883501831886,-22.8071201080769,-0.664953532524071,0.735257405882485,0.131275894290129,124.51582273146,-0.733631314808627,-0.675950459690161,0.0698291184944934,803.957295060458,0,0,0,1
0.186914033264525,0.00992036658605402,-0.982326197823097,-15.064320187372,-0.933517962066962,-0.309632466290186,-0.180753893389453,66.9736871112486,-0.305953222536411,0.950804576268224,-0.0486138023854639,812.130648749425,0,0,0,1
-0.0369199521606801,-0.156913330245637,-0.986922030141394,0.324303886107714,-0.202145976892254,0.968351398849299,-0.146398621829759,-25.6877320671679,0.978659269265862,0.194097306081639,-0.067470894920611,786.042112214962,0,0,0,1
0.120527884326411,-0.179444831444119,-0.976356812563275,12.943216989234,-0.667774596465983,0.713090190447227,-0.213493488730359,-91.750835766508,0.73454077599341,0.677718214758057,-0.0338814526886738,798.721597333958,0,0,0,1
-0.0413418023732747,0.138443752926327,0.98950702595318,-24.6766926198911,-0.100119332926698,-0.985943107796862,0.133762101175576,191.155501975571,0.994116170838276,-0.0935388156805681,0.054621573233909,716.331139493126,0,0,0,1
0.140067555864034,-0.049879141479597,0.988884818748388,-22.8211829928205,-0.664922495218508,0.73528680445773,0.131268616457481,124.51717843366,-0.733661474464937,-0.6759182180251,0.0698240533407084,803.955572897798,0,0,0,1
0.187012842163186,0.010062638220677,-0.982305941681212,-15.0750711418805,-0.933512977357965,-0.309565266881597,-0.180894714465996,66.984552896897,-0.305908070049241,0.950824963707175,-0.0484990767718586,812.126840458549,0,0,0,1
-0.0365908479637779,-0.157585693539911,-0.986827178020598,0.322584232509485,-0.202070385540136,0.968256685605166,-0.147127579273752,-25.6783697681054,0.978687228049211,0.194025001331862,-0.0672727285369125,786.03928074595,0,0,0,1
0.12030028397132,-0.179631627533413,-0.976350494365104,12.9561732497724,-0.667795792701068,0.713075668488833,-0.213475575994661,-91.7424662438141,0.73455877236473,0.67768399373005,-0.0341740540027031,798.715777356231,0,0,0,1
-0.0416984788159036,0.138459465831929,0.989489886508855,-24.6614727937804,-0.100282976573244,-0.98593012014624,0.133735288796393,191.150593263143,0.99408478138274,-0.0936524201608005,0.0549968995857294,716.342120724908,0,0,0,1
0.140047620216692,-0.0497758142946798,0.988892816094577,-22.8117303535745,-0.664984843931749,0.735245445098314,0.13118407729488,124.51908029151,-0.733608740524526,-0.675970769604009,0.0698692140652461,803.960128086927,0,0,0,1
0.186785712945666,0.0100205667870494,-0.982349557314656,-15.0668493532479,-0.933551425207356,-0.309583382992449,-0.180665083449705,66.977750980595,-0.305929448590864,0.950819478435976,-0.0484710323824657,812.135436430065,0,0,0,1
-0.0366191252580123,-0.1575406884645,-0.98683329154242,0.325884230062002,-0.202031272554323,0.96827198208617,-0.147080598522211,-25.6860186561614,0.978694246138092,0.193985225579548,-0.0672854169661134,786.047196955438,0,0,0,1
0.120320176414631,-0.179776718077991,-0.976321363352414,12.937957678426,-0.667826125556022,0.713011973688248,-0.213593519352883,-91.7516187936965,0.734527962466815,0.677712503420569,-0.0342698673355485,798.725496042365,0,0,0,1
-0.0417858200288574,0.138202132347298,0.989522184118166,-24.6473976241905,-0.10013526291282,-0.985979891480255,0.133478851431069,191.16170455581,0.99409601867529,-0.0935085244454439,0.055038890765737,716.329886198955,0,0,0,1
0.140261265274698,-0.0497383700137786,0.988864420326004,-22.8228296965837,-0.664930959347307,0.735273972960798,0.131297447852351,124.517845723847,-0.733616839920367,-0.675942496270462,0.0700578789587105,803.957038875466,0,0,0,1
0.18714020908819,0.0102021315307149,-0.982280254494085,-15.079161440053,-0.933455848105115,-0.309644157885671,-0.181054398506761,66.9799204344386,-0.30600450207421,0.950797761486108,-0.0484236400285394,812.133626433234,0,0,0,1
-0.0368901754599951,-0.15773829421526,-0.986791673822109,0.333842582519651,-0.202122552773389,0.968232455592442,-0.147215472301068,-25.6794472491707,0.978665228238233,0.194022054181489,-0.0676007468680144,786.043740445447,0,0,0,1
0.120600917778906,-0.179290710073752,-0.976376092382445,12.9333647587117,-0.667743057451255,0.713138252408882,-0.213431581953712,-91.7497936241714,0.734557452226998,0.677708383479504,-0.0337149949929134,798.720576093006,0,0,0,1
-0.0415299475018266,0.138010463958684,0.989559692163865,-24.6208030712487,-0.100166133314265,-0.985999549859135,0.133310177894242,191.172748851542,0.994103610857155,-0.0935839923163956,0.0547724983283779,716.336397130502,0,0,0,1
0.139671263513125,-0.0497684228490851,0.9889464450587,-22.7934320437454,-0.665046582107704,0.735235535355079,0.130926593447687,124.529422831064,-0.73362458382253,-0.675982128988721,0.0695929796127576,803.958999843618,0,0,0,1
0.186549175390766,0.00993490470138259,-0.982395381166367,-15.0714301964135,-0.933593771646251,-0.309602680845282,-0.180413119342996,66.9813831526417,-0.305944641399821,0.950814094853966,-0.0484809430960821,812.134541051868,0,0,0,1
-0.0370067221423469,-0.157181152587279,-0.98687619647775,0.307452095139411,-0.202095720401965,0.968324191899928,-0.146647995651416,-25.6869960955471,0.978666373522708,0.194016494668161,-0.0676001301973324,786.046182581031,0,0,0,1
0.120565461099932,-0.179456829262583,-0.976349917435899,12.9132516151521,-0.66779541456454,0.71306074579244,-0.213526607671883,-91.7528911191145,0.734515648821579,0.677745948929769,-0.0338699425700462,798.724266434891,0,0,0,1
-0.0417794384460237,0.137908000157937,0.98956345407217,-24.647467845067,-0.100177395886916,-0.986015440396095,0.133184048259025,191.160046800984,0.994092039417274,-0.093567524484975,0.0550104415276208,716.331678402617,0,0,0,1
0.140009055566422,-0.049978564869425,0.988888042667579,-22.8065390872126,-0.664969004169453,0.735237862729712,0.131306895304589,124.525008421949,-0.733630515394193,-0.675964057560588,0.0697057680059914,803.95599398206,0,0,0,1
0.186521147890928,0.00942489789077036,-0.982405720458407,-15.0541992450985,-0.933586872491915,-0.309733621764587,-0.18022380958048,66.9835607836272,-0.305982659528369,0.950776632657277,-0.0489729097293577,812.132234032131,0,0,0,1
-0.0367554788642449,-0.157428840995419,-0.986846097343872,0.315129858286696,-0.202077185693082,0.968283608329827,-0.146941168361549,-25.6786581568625,0.978679660643357,0.194018200140467,-0.0674025017915479,786.041573477263,0,0,0,1
0.120742580833871,-0.179724144209583,-0.97627888455839,12.9368566474907,-0.667722016584435,0.713034193303265,-0.213844578473084,-91.7439402364979,0.734553265070276,0.677703078485658,-0.0339121908930449,798.716884084677,0,0,0,1
-0.0416658322827225,0.138249090305107,0.98952066302171,-24.6424582249585,-0.100265883927835,-0.985959727793816,0.13352967870067,191.15188290569,0.994087878711297,-0.0936515379365821,0.0549424845676452,716.338797834055,0,0,0,1
0.139940192873005,-0.0495525645931996,0.988919235474672,-22.7914253819057,-0.664925462296622,0.735342855363923,0.130938829449855,124.515670049359,-0.733683050656158,-0.675881222667473,0.0699552530108811,803.953647834309,0,0,0,1
0.186663709267228,0.010052578373543,-0.982372418402963,-15.059764292781,-0.933570767489047,-0.309587090337751,-0.180558746950474,66.9768229839144,-0.305944918677568,0.950817929623214,-0.0484038722479165,812.125346398334,0,0,0,1
-0.036643846739413,-0.157705612260642,-0.98680605335519,0.324693100697118,-0.202089397251632,0.968236584309022,-0.147233619457803,-25.6882561549646,0.978681326489486,0.194027854300947,-0.0673505519323526,786.036360681081,0,0,0,1
0.120549738203697,-0.179919040173304,-0.976266817833813,12.9712538798127,-0.667782854584537,0.712974338489692,-0.213854159101454,-91.7431424060196,0.734529655785429,0.677714301857753,-0.034197977797605,798.712603738065,0,0,0,1
-0.0418251441433135,0.138359241803256,0.989498527774746,-24.6246592941147,-0.100224029669931,-0.985950843528463,0.133626785789701,191.164406011132,0.994085400108804,-0.0935825784253845,0.0551044523814283,716.329346490239,0,0,0,1
0.139877198970215,-0.0499502779363669,0.988908132524617,-22.785326013838,-0.664989471819891,0.735238913055431,0.131197459843449,124.520153862963,-0.733637073673413,-0.675965027475044,0.0696267349142565,803.953190970278,0,0,0,1
0.186997908303926,0.0098888052020768,-0.982310552622138,-15.056140610083,-0.933482063659598,-0.309701781379198,-0.180820397016703,66.9807871289848,-0.306011418178672,0.950782303915929,-0.0486825620760503,812.127563824221,0,0,0,1
-0.0366134112764658,-0.157878764699994,-0.986779503098292,0.351343516514362,-0.202094920791634,0.968208785277758,-0.147409043466401,-25.6799827828635,0.978681291833709,0.19402595935209,-0.067355919321497,786.03554440671,0,0,0,1
0.12028860691296,-0.17944789996252,-0.976385764265394,12.9811328270905,-0.66780094722115,0.713113500458046,-0.213333272959692,-91.7424567293387,0.734556034604555,0.677692888668121,-0.0340560491330069,798.711689641151,0,0,0,1
-0.0417837068503905,0.138397514760779,0.98949493038762,-24.6306477799891,-0.100222234534611,-0.985945306991497,0.133668912491771,191.156263768598,0.994087318739671,-0.093584220369639,0.0550669473313872,716.329733219401,0,0,0,1
0.1404294296943,-0.049868865192379,0.988834003507981,-22.7956579935909,-0.664872139425434,0.73529026953172,0.131504072464887,124.512019122293,-0.733637931629158,-0.675915203114942,0.0700999743714737,803.950835765697,0,0,0,1
0.186972812696154,0.00979817425686949,-0.982316226572458,-15.0358725048724,-0.933504020896377,-0.309664541803274,-0.180770740065975,66.9765387972805,-0.305959744392285,0.950795402395071,-0.0487522173739978,812.124577172433,0,0,0,1
-0.0368742618237214,-0.157741240244063,-0.986791742157244,0.369914298343701,-0.202150845466533,0.968225931079708,-0.147219506119744,-25.6843173940402,0.978659965321244,0.194052165081241,-0.0675901469794678,786.034304223986,0,0,0,1
0.120253351183169,-0.179957795083187,-0.976296254333451,12.9942993971397,-0.667819640994731,0.712991857898204,-0.213681035582576,-91.7451325125184,0.734544802665889,0.677685655046667,-0.034439685722383,798.710676831933,0,0,0,1
-0.0416080746977457,0.138356463045353,0.989508076223451,-24.6301158157261,-0.100159273578452,-0.985954558465877,0.133647963850756,191.15960399699,0.994101051348924,-0.0935475792904735,0.0548813579557756,716.324037011161,0,0,0,1
0.140152595546919,-0.0497097476886492,0.988881310509766,-22.7920620677,-0.664911878463417,0.735308661127022,0.131199887978227,124.516474857561,-0.733654830087234,-0.675906919454581,0.0700028182807869,803.949838449193,0,0,0,1
0.186925950844837,0.00948291038187413,-0.982328247841718,-15.048222233258,-0.933504200491717,-0.309748889537239,-0.180625460796909,66.9741668475838,-0.305987939327036,0.950771094661775,-0.0490477625990736,812.123444845873,0,0,0,1
-0.0367633537740703,-0.157571646566425,-0.986822983373942,0.347198885451689,-0.202070898620523,0.968263794126476,-0.147080183766481,-25.686021313666,0.978680620858895,0.194001050324165,-0.0674372687080867,786.032866680229,0,0,0,1
0.120354973133369,-0.179701404256043,-0.976330907160403,12.9696162012294,-0.667765410743841,0.713077391003647,-0.213564790928366,-91.7454537929136,0.734577410211424,0.677663609375221,-0.0341759844731412,798.710666460469,0,0,0,1
-0.0419890953291795,0.13821413919713,0.989511911437315,-24.6160581214884,-0.100352738128038,-0.985960342518512,0.133459688952268,191.161119896757,0.994065518125382,-0.0936963788115147,0.0552697475374253,716.33161638512,0,0,0,1
0.140297261532288,-0.0493913919881426,0.988876744197087,-22.7923364040619,-0.664953350745838,0.735294965974826,0.131066266210912,124.517667225626,-0.733589626863716,-0.675945102184464,0.0703168939585911,803.946365813601,0,0,0,1
0.186611804277578,0.00995324091711366,-0.982383331565312,-15.0375216523734,-0.933562155976722,-0.309661702948756,-0.180475251368464,66.977088064311,-0.306002807498993,0.950794688682418,-0.0484945507970471,812.124500242274,0,0,0,1
-0.0369478476560932,-0.157668546703037,-0.986800655983161,0.358873740509921,-0.202114127862419,0.968246252802439,-0.147136400075951,-25.6806842732948,0.978664745773345,0.194009956417398,-0.0676416557301076,786.033888805685,0,0,0,1
0.120462230660752,-0.17983070132916,-0.976293915150761,12.9720505682833,-0.667718017348766,0.713071259278268,-0.213733690922611,-91.7460400534484,0.73460297555756,0.677635836007614,-0.0341780328057356,798.712938860221,0,0,0,1
-0.0414159953826372,0.138534052387096,0.989491302305898,-24.6531351025674,-0.100040610090596,-0.985939245505299,0.133849467576641,191.16153197287,0.994121003460526,-0.0934457988525811,0.0546926870517014,716.318138322636,0,0,0,1
0.140032765970388,-0.0499033769719495,0.988888525707867,-22.7862002549354,-0.66500549733121,0.735211359395146,0.131270705976149,124.534793712479,-0.733592887030984,-0.67599846462716,0.0697676525830614,803.940300566535,0,0,0,1
0.186739420203631,0.00942927712951644,-0.982364219913381,-15.06075724598,-0.933555481820241,-0.309705835091557,-0.180434011430688,66.9894737558078,-0.305945296782175,0.950785686229497,-0.0490315455915216,812.117280357518,0,0,0,1
-0.0372148659438268,-0.157152212352639,-0.986872941477733,0.336346036302757,-0.202196420149498,0.96831461462962,-0.146572133198488,-25.6743720359914,0.978637631592495,0.194087512401949,-0.0678113117564484,786.031164528647,0,0,0,1
0.120609896419831,-0.17975409181448,-0.976289793491771,12.9350699584389,-0.667779627996812,0.713001363463791,-0.213774373009821,-91.7439845135705,0.734522744145737,0.677729719134337,-0.0340411079989713,798.706993605276,0,0,0,1
-0.0419144898039758,0.138670426894044,0.98945123055732,-24.6101792647802,-0.100296030265284,-0.985903131916915,0.133924479100007,191.178289009311,0.994074383880339,-0.0936246347482756,0.055231712075451,716.293180816776,0,0,0,1
0.140324346085963,-0.0498843416945728,0.98884810659422,-22.7619893699041,-0.664902503051386,0.735273073678204,0.131446498547355,124.542967174331,-0.733630525802603,-0.675932756445159,0.0700084858805112,803.905739251928,0,0,0,1
0.187046516487695,0.00960272426722542,-0.982304133726794,-15.0095626174227,-0.933461865835121,-0.309789461506093,-0.180774586927634,67.0032018952812,-0.306043425986128,0.950756651503522,-0.0489812542139148,812.082304746108,0,0,0,1
-0.0369498237868113,-0.157738067583495,-0.986789424339372,0.410200405943328,-0.202253382788862,0.968208311885791,-0.147194591466838,-25.6482116326994,0.978635919511557,0.194142688388774,-0.0676781791144577,785.985984950932,0,0,0,1
0.120477741373147,-0.180108005953605,-0.976240877840932,13.0182349748858,-0.667891016253238,0.712847695868886,-0.213938600436708,-91.7192245391279,0.734443128661273,0.677797347677074,-0.0344102458617827,798.654216756005,0,0,0,1
-0.0416117186693238,0.138592066587316,0.989474939243407,-24.5958584292079,-0.100243507119484,-0.98591478623589,0.133877727795518,191.173805063845,0.994092414159784,-0.0936175598787567,0.0549185647876893,716.29080783836,0,0,0,1
0.140145864116767,-0.0499092065214323,0.988872216968034,-22.7378239880965,-0.664969829913644,0.735229602066667,0.131349137414638,124.540481313108,-0.733603616099256,-0.675978210087209,0.0698512624566502,803.900035628862,0,0,0,1
0.18688084784364,0.00921194440535253,-0.982339372661985,-14.981520351162,-0.933498038000015,-0.309843653076099,-0.180494796313817,67.0022696728696,-0.306034331337986,0.950742881739731,-0.0493045063536855,812.075345546129,0,0,0,1
-0.0371871183221282,-0.157342473442487,-0.986843683687741,0.420203535257087,-0.202226578398088,0.968279572626901,-0.146762117670123,-25.6545089284568,0.978632478182749,0.19410835837565,-0.0678263594028562,785.980993765995,0,0,0,1
0.12103515954178,-0.179653143877064,-0.976255745556224,13.0152945840154,-0.667707160017279,0.713004308730203,-0.213990577810404,-91.7235874179602,0.734518615168529,0.677753302850375,-0.0336571043285596,798.652244743372,0,0,0,1
-0.0418545699283872,0.138261969059319,0.989510903779684,-24.598183218696,-0.10024222458913,-0.985962589235906,0.133526118617578,191.177760408664,0.994082360867428,-0.0936021107817062,0.0551267399173734,716.29141957866,0,0,0,1
0.140190080855828,-0.0496486134520857,0.988879057632775,-22.754121581297,-0.664957787463846,0.735269889769973,0.131184521500105,124.542479329592,-0.733606115822171,-0.675953577379871,0.0700633046585539,803.903292864807,0,0,0,1
0.186905997417766,0.00950675570364923,-0.982331826802812,-14.9988742988203,-0.933502835722761,-0.30976012322296,-0.180613198615938,67.0018880179439,-0.306004236355901,0.950767211321133,-0.0490214433180172,812.078847280014,0,0,0,1
-0.0367375109462721,-0.157508332071791,-0.986834096341223,0.397043396184245,-0.202196732303112,0.968247523898477,-0.147014437023399,-25.6533258554524,0.978655623795519,0.19413366228973,-0.0674186590941129,785.984017917676,0,0,0,1
0.120410821589771,-0.180179278622619,-0.976235948201332,13.0169710289446,-0.667839641056714,0.71289303308791,-0.213947941877486,-91.7218771110524,0.734500826386315,0.677730758495169,-0.0344908273704407,798.653327936652,0,0,0,1
-0.0417781393140373,0.138589132319187,0.989468349286433,-24.5854152566401,-0.100239585116326,-0.985917659831336,0.13385940752185,191.181677282991,0.994085829191724,-0.0935915119705919,0.0550819336009304,716.281563329857,0,0,0,1
0.140363702234088,-0.0497145783888081,0.988851105996462,-22.7412955784314,-0.664889822474752,0.735302462615717,0.131346014103462,124.543394240473,-0.733634490056123,-0.675913240783047,0.0701550571516444,803.896202795091,0,0,0,1
0.186812917888174,0.00913613575732469,-0.982353005178161,-14.9739929863468,-0.933527167378922,-0.309805713859213,-0.180409036650269,67.0091680837619,-0.305986808898245,0.950756002776512,-0.049346885237708,812.069802008802,0,0,0,1
-0.0369357838440326,-0.157620688232069,-0.986808740485291,0.422215428967434,-0.202221422980136,0.968231755218857,-0.147084373895501,-25.6493158865363,0.978643083576949,0.194121172585988,-0.0676366797605428,785.976073422987,0,0,0,1
0.120558757840295,-0.179479446590048,-0.97634663573966,13.0281286542053,-0.667820220634745,0.713034329208467,-0.213537471101918,-91.7179708515387,0.734494212590772,0.677767816172155,-0.0338974665624471,798.645241247888,0,0,0,1
-0.041780585169427,0.138794298795409,0.989439511701312,-24.5795143906789,-0.100247678390909,-0.985889187768453,0.134063172988634,191.183516349943,0.994084928470931,-0.0935877750239701,0.0551048255892853,716.278988793267,0,0,0,1
0.140428452695483,-0.0499668488570761,0.988829170618259,-22.7316579240048,-0.664894849431407,0.735256373360146,0.131578444172105,124.54340545004,-0.733617525358896,-0.675944809627826,0.0700282219496166,803.893870073184,0,0,0,1
0.187118823861563,0.0101838691735683,-0.982284519447855,-14.9807704510612,-0.933453006087224,-0.309668544875813,-0.181027250852579,67.0069489946404,-0.306026166922523,0.950790057758229,-0.0484386504063413,812.066883342066,0,0,0,1
-0.0370521025242905,-0.157330518551846,-0.986850676645105,0.435048873957044,-0.202227488263861,0.968277144130843,-0.146776619043883,-25.6456377563612,0.978637412205299,0.194129944567363,-0.0676932582653464,785.972752773485,0,0,0,1
0.120621050107265,-0.179688575113937,-0.976300434443831,13.0453345415644,-0.667848772967889,0.71294959257432,-0.213730845856872,-91.7140107680715,0.734458029230676,0.677801518729999,-0.0340080737562008,798.63946350273,0,0,0,1
-0.0418330753266707,0.138349893522666,0.98949951390182,-24.5981526159228,-0.100332407101138,-0.985941984934228,0.13361073305656,191.17703499802,0.994074133284251,-0.0936895374229404,0.0551259653220012,716.285693961499,0,0,0,1
0.14041316176774,-0.0499241683836597,0.988833537263633,-22.7604855667869,-0.664906618975078,0.735253056551127,0.131537374538846,124.541982150536,-0.733609792722183,-0.675951556135581,0.0700442866790612,803.894929001963,0,0,0,1
0.187047790811159,0.00996274991350649,-0.982300303108117,-15.0048798526104,-0.933472586737839,-0.30968908157043,-0.180891060347539,67.0016199503252,-0.306009877189657,0.950785677757778,-0.0486267087964909,812.069194411868,0,0,0,1
-0.0370978860496662,-0.157442688643407,-0.986831052556886,0.4078059961588,-0.202231857134556,0.968260941433419,-0.146877458197806,-25.6520188568698,0.978634790474379,0.194119823941918,-0.0677603780887796,785.976610892531,0,0,0,1
0.120517423909693,-0.179688666195881,-0.976313243391866,13.0244943053549,-0.66782399824794,0.712993435035326,-0.213662211471572,-91.7211293816468,0.734497593969122,0.6777554240108,-0.0340722690006092,798.643769274727,0,0,0,1
-0.0420021754703835,0.138298133336091,0.989499605446478,-24.5993416300826,-0.100304685259885,-0.985953735726469,0.133544820544227,191.18343938152,0.994069826427642,-0.0936422716999751,0.0552841641299534,716.278806369299,0,0,0,1
0.140271223441719,-0.0500270160853912,0.988848462342957,-22.7492868357173,-0.664970947309097,0.735197533491321,0.131522701593656,124.551868302833,-0.733578677452543,-0.676004322904273,0.0698605366061725,803.889464021158,0,0,0,1
0.187166931550912,0.0102952925867374,-0.982274151545889,-14.9968635962032,-0.933441477008526,-0.309656196603845,-0.181107678043959,67.0108882219745,-0.306031836127567,0.950792850620045,-0.0483473494666114,812.067731615283,0,0,0,1
-0.0369381304809601,-0.157148088655929,-0.986883994571042,0.407073133441827,-0.20218166264684,0.968310029770276,-0.14662294394945,-25.6454697981223,0.978651186909063,0.194113871424583,-0.0675400148917136,785.973482870511,0,0,0,1
0.120474252804273,-0.179617493604503,-0.976331653067217,13.0208222219372,-0.667801633842354,0.713038269730972,-0.213582195084567,-91.7120176856493,0.734524972714886,0.677727050469186,-0.0340461032756185,798.642109345686,0,0,0,1
-0.0418066362321811,0.138432218114333,0.989489095497331,-24.5843884891457,-0.100207258780147,-0.985942310871748,0.133702176237536,191.191920982454,0.994087906556763,-0.0935643436264828,0.0550908504875172,716.270526505368,0,0,0,1
0.140144240393347,-0.0496669038210179,0.988884598848299,-22.7390638761129,-0.664929674362893,0.73529891069222,0.131164029787243,124.556845993228,-0.733640322385844,-0.675920632536932,0.0700229147249751,803.888668662587,0,0,0,1
0.186970783566366,0.00935646364594073,-0.98232093254568,-14.9920253707237,-0.933498326657683,-0.309764809280428,-0.180628565719136,67.0212582067684,-0.30597845237526,0.950767175893018,-0.0491827218106963,812.062275280471,0,0,0,1
-0.0368301095151739,-0.157066546362983,-0.986901021541888,0.410462448198928,-0.202195754020599,0.968316145073867,-0.146562992605187,-25.6359117070984,0.97865234597602,0.194149266724045,-0.0674213763318573,785.971309656656,0,0,0,1
0.120671964023181,-0.17998927748459,-0.976238770450624,13.0263400825148,-0.667809725764699,0.712909467235731,-0.213986556713583,-91.7048281306431,0.734485167926096,0.677763909780123,-0.0341704153322116,798.639681943276,0,0,0,1
-0.0418600140686598,0.138361689107179,0.989496740828405,-24.5795550971578,-0.10023939487513,-0.98594947559975,0.133625120879892,191.192612193686,0.994082373332382,-0.09359300615642,0.0551411578564708,716.269059502327,0,0,0,1
0.14016509412049,-0.0501162753554326,0.98885901090942,-22.7312385288502,-0.664937433084127,0.735229554461433,0.131513195144087,124.556714061657,-0.733629338160197,-0.675962924766818,0.0697293134098153,803.885950384772,0,0,0,1
0.187210290947579,0.00968693910043231,-0.98227210804918,-14.9845971619302,-0.933457964569854,-0.309692438490532,-0.180960953523056,67.0228044017708,-0.305955187572838,0.950787432174721,-0.0489352656524636,812.060142982383,0,0,0,1
-0.0371017779662353,-0.157452675285601,-0.98682930121278,0.431794060679522,-0.202218413507655,0.968262243369827,-0.146887423528823,-25.6317878722606,0.978637425143461,0.194105260820574,-0.0677640925297251,785.972480733176,0,0,0,1
0.12022995023921,-0.179764166188538,-0.976334775443716,13.0455103686184,-0.667823860152576,0.713035044342858,-0.21352365039113,-91.7006695506798,0.734544817795825,0.677691618670079,-0.0343226381351486,798.642556777428,0,0,0,1
-0.0417025847242117,0.13860118902304,0.989469855680896,-24.6013030530113,-0.100275760872737,-0.985911656980502,0.133876519065174,191.189015811264,0.9940853662615,-0.0936368441917384,0.0550134174279432,716.277415038854,0,0,0,1
0.140298727865674,-0.0502760331101622,0.988831942618223,-22.7506546604977,-0.664939884820869,0.735189693028172,0.131723726070653,124.557699965995,-0.733601578111856,-0.675994434764314,0.0697156282912186,803.888295235405,0,0,0,1
0.187068598353386,0.0101067172374939,-0.982294859992607,-15.0100366887955,-0.933483601316415,-0.309616419744909,-0.180958582620965,67.0152654118321,-0.305963543620085,0.950807805523952,-0.0484850551043934,812.065897728562,0,0,0,1
-0.0369847431641468,-0.157325167060977,-0.986854068718605,0.411160602335713,-0.202243432281153,0.968272841606946,-0.146783378628786,-25.6380215606214,0.978636651210147,0.194156001548281,-0.0676292974926079,785.975748590302,0,0,0,1
0.120525170166882,-0.180032695156579,-0.976248885769733,13.0204206314207,-0.667796572100444,0.712941826162371,-0.213919942329231,-91.709464121182,0.73452124084488,0.6777183689513,-0.0342977862076765,798.646231926136,0,0,0,1
-0.041789026627711,0.138444617365188,0.989488132309225,-24.604598901997,-0.100300751206565,-0.98593159499927,0.133711005441348,191.178538529762,0.994079192904666,-0.0936587437708433,0.0550872281086413,716.282432782549,0,0,0,1
0.140430589844819,-0.0498608428015731,0.988834248521261,-22.7542342711588,-0.664931184919525,0.735236754422688,0.131504554060835,124.545908623927,-0.733584233605849,-0.675973945886847,0.0700956829691579,803.894402210086,0,0,0,1
0.187019553336015,0.00981606548211539,-0.982307147398334,-14.9882525614684,-0.933492462925539,-0.309670450397962,-0.180820323299727,67.0097680464988,-0.305966408840988,0.950793298335182,-0.0487512090943151,812.070728595046,0,0,0,1
-0.0368431412475618,-0.1571289824842,-0.986890584661493,0.411410482947531,-0.20221251454916,0.968303923010677,-0.146620573707597,-25.6477621410846,0.978648376702369,0.194159680025283,-0.0674488058391946,785.976616784359,0,0,0,1
0.120470464163812,-0.17987913179129,-0.976283981186636,13.031488093584,-0.667875114574038,0.712914027196964,-0.213767286127312,-91.7156227766903,0.734458768297551,0.677788376667334,-0.0342517101582796,798.646150111776,0,0,0,1
-0.0415682620983198,0.138859817421984,0.9894392477271,-24.6113662923606,-0.100221249611382,-0.98588007554346,0.134149830181985,191.180973093761,0.994096480444282,-0.093586491190896,0.0548980389590158,716.274931571526,0,0,0,1
0.140344362533113,-0.0499080549760023,0.988844066135608,-22.7547598863697,-0.664939706224452,0.735233133130628,0.131481386282401,124.548812019259,-0.733592956013964,-0.675974385465603,0.0699999871960487,803.888545681746,0,0,0,1
0.186974191588077,0.0103052688715547,-0.982310765461765,-15.0017138322169,-0.933498293457858,-0.309588257825936,-0.180931006395687,67.0124546989252,-0.305976419296365,0.95081488704438,-0.0482650571695162,812.063363611097,0,0,0,1
-0.0370196823092144,-0.157157950938932,-0.986879390571253,0.402284179640674,-0.202215568573171,0.968304246194896,-0.146614425473338,-25.6452486001577,0.978641093160103,0.194134745320022,-0.0676261067023036,785.973607762265,0,0,0,1
0.120667334000926,-0.180145927317185,-0.976210464451104,13.0065525448504,-0.667783541205695,0.712900225239708,-0.214099062749326,-91.7138779443629,0.734509708426574,0.677732027046449,-0.0342747128490207,798.644396270992,0,0,0,1
-0.0419251593768029,0.138199468593506,0.989516617946299,-24.6105234966479,-0.100300365188496,-0.985966465332793,0.133453974907182,191.179536731009,0.994073504757803,-0.0936538203489651,0.0551982597855937,716.28149829205,0,0,0,1
0.140398059386046,-0.0503932095174612,0.988811879139105,-22.7676024462864,-0.664891961467391,0.735205949677664,0.131874377236658,124.545063096923,-0.733625969203122,-0.675967981928553,0.0697154431238418,803.894962101005,0,0,0,1
0.187227771115234,0.00979965903801788,-0.982267653985685,-15.0052699495723,-0.933422700310578,-0.309771108458482,-0.181008002631694,67.0116333220146,-0.306051971200159,0.950760666039149,-0.0488505346676073,812.071888314571,0,0,0,1
-0.0372025879322059,-0.157628170443887,-0.986797519411671,0.427727188121025,-0.202194406037213,0.968243864214437,-0.147041677635167,-25.6368877342757,0.978638518543643,0.194054612772427,-0.0678927101350305,785.977904440305,0,0,0,1
0.12074580975776,-0.179573512887188,-0.976306182399768,13.0354455736544,-0.667813660339671,0.712981983161123,-0.213732501756296,-91.707513088019,0.734469424543222,0.677797970027279,-0.0338320648098382,798.645530540031,0,0,0,1
-0.041740743973842,0.138639406722981,0.989462906072896,-24.5992008718938,-0.10013385534238,-0.985920381166569,0.133918842049753,191.189041471907,0.994098027881529,-0.0934888636332563,0.0550355368249721,716.26823382564,0,0,0,1
0.140057020662272,-0.050074292443202,0.988876427785758,-22.7404609470783,-0.665003244481099,0.735187783011222,0.131414169444995,124.557092647501,-0.733590330793118,-0.676011475234663,0.069668625250031,803.89092207209,0,0,0,1
0.18697054030769,0.0103514260431098,-0.982310970377862,-14.9938312597085,-0.933486970934475,-0.309617075842037,-0.180940184959722,67.0148725222355,-0.306013233353677,0.950804968044329,-0.0482263551273008,812.068929775044,0,0,0,1
-0.036858105009537,-0.157466701292386,-0.986836189488518,0.416462146735967,-0.202213359400911,0.968253977983642,-0.146948962238523,-25.6376214933447,0.978647668286481,0.194135201612913,-0.0675298671148662,785.975352712612,0,0,0,1
0.12050789378948,-0.179917198438422,-0.976272337061956,13.0306489452504,-0.667850339397211,0.712920936225232,-0.213821476106304,-91.7083276128303,0.734475123576073,0.677771035190452,-0.0342451645844074,798.644376455855,0,0,0,1
-0.0417805843949582,0.138604626273953,0.989466107589446,-24.6195623677753,-0.100305106360454,-0.985909438817623,0.133871003779548,191.171510070666,0.994079115828385,-0.0936553112017725,0.0550946247357114,716.297890716778,0,0,0,1
0.140147255004058,-0.0500435024059519,0.988865182749992,-22.7649820776402,-0.664899068436387,0.735276765883681,0.13144319641867,124.526686428754,-0.733667513430068,-0.675916946050729,0.0697731353977197,803.915850237235,0,0,0,1
0.187119683516378,0.010403884935538,-0.982282031008669,-15.0062361632091,-0.933411085068477,-0.309757777139631,-0.181090810238335,66.9839069082428,-0.306153510531949,0.950758557958567,-0.0482506757307792,812.089507202463,0,0,0,1
-0.0368786406629992,-0.157282502018361,-0.986864812700202,0.409617210285319,-0.202310813134486,0.968262644761492,-0.146757519996224,-25.6672730041865,0.978626738896875,0.194241209490971,-0.0675281641421174,785.985026324905,0,0,0,1
0.120462638610691,-0.180474040499122,-0.976175136326069,13.0283922716235,-0.667907715954811,0.712755103496736,-0.214194890063916,-91.7323894958563,0.734430446865913,0.677797362218752,-0.0346796512255177,798.645545290482,0,0,0,1
-0.0417661628411933,0.138609877589925,0.989465944976058,-24.6008501355763,-0.100333378442305,-0.985905906788125,0.133875984929416,191.183654505375,0.994076874941336,-0.093684964946025,0.0550847073619218,716.280308621576,0,0,0,1
0.14029635826527,-0.0501478117527454,0.988838784963557,-22.7349133386323,-0.664800783413413,0.735335160893257,0.131613532347634,124.538144008754,-0.733728057278673,-0.675845697633006,0.0698265559740467,803.902738151397,0,0,0,1
0.18726233374563,0.00945064417974759,-0.982264483868533,-14.9939746618021,-0.93337664149958,-0.309958683494006,-0.180924393755678,67.0007415289767,-0.306171257177598,0.950703037125793,-0.0492225733080852,812.073131020735,0,0,0,1
-0.0369235696228055,-0.156990012186732,-0.986909709671692,0.415744251225533,-0.202019217297176,0.968365252988955,-0.146481907811773,-25.6338336856744,0.97868530450397,0.193966124156721,-0.0674705038626066,785.973848796029,0,0,0,1
0.120426795158738,-0.180331641549957,-0.97620588384013,13.0478697904315,-0.66771812567114,0.712968533999854,-0.214075685302301,-91.6980792965506,0.73460867776444,0.677610801672335,-0.0345501892361642,798.647526305801,0,0,0,1
-0.0416673180386612,0.138864989150594,0.989434370654909,-24.5905539510431,-0.100251445205792,-0.9858777784395,0.134144021599721,191.186731973004,0.994089257165159,-0.0936028114463038,0.0550002985773357,716.274537211604,0,0,0,1
0.140147152196143,-0.0497463809678645,0.988880191476808,-22.7455084148999,-0.664930690761617,0.735287076739967,0.131225231058953,124.549568286167,-0.73363884138817,-0.675927663091903,0.0699705002544768,803.891729757124,0,0,0,1
0.186991878922547,0.00914930499477437,-0.982318835373068,-14.996343510379,-0.933551436289536,-0.309625766837084,-0.180592466756024,67.0311947546148,-0.305803527787986,0.950814468162957,-0.0493561632397992,812.056784161567,0,0,0,1
-0.0366837924666453,-0.157505280235776,-0.986836584969224,0.419172439453746,-0.20230735042932,0.968224409096787,-0.147014285416904,-25.6373167354875,0.978634797293155,0.194251267321462,-0.0673826174800238,785.972434624019,0,0,0,1
0.120575887816787,-0.180190968532157,-0.976213418195101,13.0339463994578,-0.667851150948131,0.712846484865305,-0.214067149278382,-91.7058633112328,0.734463296766034,0.677776572531482,-0.0343886476591916,798.641173437062,0,0,0,1
-0.041704616630706,0.138379018812191,0.989500859202773,-24.5994218368005,-0.100306832485213,-0.985938840496996,0.133653227790428,191.18322644979,0.994082116576265,-0.0936797657381019,0.0549985491881765,716.277919023279,0,0,0,1
0.140268808131571,-0.0499108207511014,0.988854654747701,-22.7444576343454,-0.664935873295837,0.735245600985601,0.131431317275292,124.548235712224,-0.733610893663055,-0.675960677541601,0.069944532507148,803.891248397682,0,0,0,1
0.186996712724819,0.00935170471905364,-0.982316043777615,-14.9789477775801,-0.933484377963821,-0.309794069952313,-0.180650245840828,67.015251168332,-0.306005062865024,0.950757666618823,-0.049200789831347,812.066451169213,0,0,0,1
-0.0369215402205514,-0.157131471759711,-0.986887287393069,0.41734668531933,-0.202173225874612,0.968313652904476,-0.146610469231247,-25.641544469179,0.978653541698638,0.194109102882391,-0.0675194026810405,785.973709847402,0,0,0,1
0.120578797578242,-0.180062917210965,-0.976236692830751,13.0408803606371,-0.667759103842622,0.712958884532447,-0.213979911843761,-91.7103429023744,0.734546511393087,0.677692363880102,-0.0342709232970736,798.643359491628,0,0,0,1
-0.0417873179816197,0.13840306927644,0.989494011779687,-24.5968962004375,-0.100242248779093,-0.985942715612657,0.133673004531556,191.177903242837,0.994085135244985,-0.0936032656528208,0.0550737397587786,716.280002614816,0,0,0,1
0.140427172342053,-0.0501269977948978,0.988821243824524,-22.7425516886428,-0.664923964913229,0.735208396455438,0.131699414357132,124.545236432833,-0.733591418336041,-0.675985143762616,0.0699125935180964,803.895022068854,0,0,0,1
0.187403542461324,0.0102431300166764,-0.98222958847035,-14.9909868216772,-0.933373727187741,-0.30974069303985,-0.181312265953617,67.000896097553,-0.306093696765669,0.950765878955524,-0.0484858332346861,812.075604827507,0,0,0,1
-0.0369240567309874,-0.157600355489257,-0.986812425711184,0.432607808181501,-0.202240693005994,0.96823061203303,-0.147065370395936,-25.6456813904,0.978639490330079,0.194143371860569,-0.0676242012103707,785.97847901649,0,0,0,1
0.120601699864381,-0.179809892334624,-0.976280482811011,13.0387871955656,-0.667799836900122,0.712972144448311,-0.213808656554879,-91.7149638618365,0.734505705894484,0.677745621174522,-0.0340913705612023,798.647503864516,0,0,0,1
-0.0419004933012926,0.138265215418909,0.989508491375251,-24.5927858782632,-0.100119428204432,-0.985974316670054,0.133531851395842,191.178206844762,0.99409278748367,-0.0934739818215227,0.0551558382172933,716.27529693086,0,0,0,1
0.140075039154028,-0.0503429454083758,0.988860239537459,-22.7271378151588,-0.664961386930455,0.735188380607959,0.131622283368043,124.545449670418,-0.733624789036036,-0.675990901946606,0.0695054256098634,803.899481612996,0,0,0,1
0.187274920822634,0.00999192361762991,-0.982256718600138,-14.9797368659939,-0.933424509939221,-0.309703046777221,-0.181115101701869,67.0093530457559,-0.306017569756581,0.950780846506699,-0.0486729157961138,812.071135663802,0,0,0,1
-0.0369162878660887,-0.157404617954454,-0.986843929221576,0.435723797666697,-0.202238511859601,0.96825995537153,-0.146874975864997,-25.6451602552147,0.978640242020575,0.194155761826463,-0.0675778231172497,785.977168166519,0,0,0,1
0.120350855683571,-0.179725676826427,-0.976326954787569,13.0423126258059,-0.667810799288129,0.713031063391964,-0.21357763195534,-91.712737139189,0.734536858509184,0.677705974023062,-0.0342088441288792,798.645943369443,0,0,0,1
-0.0417771688302709,0.138971075379521,0.989414807135056,-24.6007203067242,-0.100306794883792,-0.985859574338658,0.134236346849851,191.175964304073,0.994079055771725,-0.0936370103475242,0.0551261795841613,716.278915657329,0,0,0,1
0.140727142471665,-0.0499961229082191,0.988785238294564,-22.756430891893,-0.664840282916669,0.735266144289809,0.131799609399958,124.536164145299,-0.733609771708296,-0.675932035992354,0.0702324766920918,803.89775370134,0,0,0,1
0.187418899339844,0.0105398812342037,-0.982223531054572,-14.990595182371,-0.933411634458822,-0.309559407840533,-0.181426829389783,67.0099347699524,-0.305968774003462,0.950821674424917,-0.0481792472369501,812.068262762408,0,0,0,1
-0.0367721062143112,-0.157471613626037,-0.986838618949532,0.443200683200189,-0.202220095226765,0.968249342621823,-0.1469700609789,-25.6395377060732,0.978649510668031,0.194154217709645,-0.0674485050433974,785.9748919952,0,0,0,1
0.120405835744427,-0.180312747143217,-0.976211929125943,13.0710907641705,-0.667905518605525,0.712804016782409,-0.214038944492796,-91.7080877641257,0.73444174719955,0.677788844367717,-0.0346061194036622,798.6399546059,0,0,0,1
-0.0418972569258104,0.138571988459183,0.989465740991807,-24.604348998692,-0.100308890579015,-0.985914968068505,0.133827323124873,191.177261114431,0.994073823576083,-0.0936452223697433,0.0552071362685128,716.277722672209,0,0,0,1
0.140646306812042,-0.0501304978895757,0.988789955233717,-22.7567251099958,-0.664797367245942,0.735297702653022,0.131840055378542,124.533975121176,-0.733664127646008,-0.675887759037888,0.0700902881665301,803.895214388619,0,0,0,1
0.187386975704362,0.00957711568345249,-0.982239460469849,-14.9846927905256,-0.933384678134434,-0.309839218905291,-0.181087691516335,67.0014259664649,-0.306070579279662,0.950740725799075,-0.049120707555828,812.068497780947,0,0,0,1
-0.037205341638157,-0.157125733437849,-0.986877521065203,0.437065222475439,-0.202315842926228,0.968294580476723,-0.146539733910232,-25.6467618045336,0.978613368301303,0.194208893461234,-0.0678147723487469,785.968817662387,0,0,0,1
0.120564814868916,-0.179717237975135,-0.976302120481668,13.0487738518905,-0.667876840765133,0.712928742745955,-0.213712582944017,-91.7149480812116,0.734441728564257,0.677815841625171,-0.0340748727733376,798.635538576035,0,0,0,1
